image_width: 1280
image_height: 1024
camera_name: narrow_stereo
camera_matrix:
  rows: 3
  cols: 3
  data: [1909.97153, 0.000000, 907.78701,
         0.000000, 1912.31363, 479.91278,
         0.000000, 0.000000, 1.000000]

distortion_model: plumb_bob
distortion_coefficients:
  rows: 1
  cols: 5
  data: [-0.018600, 0.022138, -0.001706, -0.003771, 0.000000]

rectification_matrix:
  rows: 3
  cols: 3
  data: [1., 0., 0.,
         0., 1., 0.,
         0., 0., 1.]
projection_matrix:
  rows: 3
  cols: 4
  data: [1202.241821, 0.000000, 695.606070, 0.000000,
          0.000000, 1210.905151, 462.878215, 0.000000,
          0.000000, 0.000000, 1.000000, 0.000000]

